Sıralanmış ve Birleştirilmiş 800 Eleman

1 2 7 9 10 12 13 15 16 18
19 20 21 23 24 26 28 30 31 32
33 34 35 37 40 41 44 46 49 50
55 57 58 59 60 64 72 75 80 82
83 90 91 93 94 98 99 100 101 102
103 104 113 116 117 118 119 124 126 127 
128 129 130 131 132 133 135 137 138 139
140 141 143 145 146 150 151 153 154 156
157 159 162 163 165 167 168 169 174 175 
176 178 182 183 184 186 187 188 189 191
192 193 194 196 197 200 201 206 208 209
210 212 213 214 216 218 222 223 224 227 
230 232 236 239 243 244 245 246 252 253 
255 256 257 259 263 264 266 269 270 272 
277 281 282 283 284 285 288 294 297 300 
301 303 305 308 309 312 313 314 315 316 
320 321 323 324 326 329 330 334 335 337 
338 340 342 343 344 346 347 348 352 353
354 355 360 361 362 364 367 369 371 373 
374 375 377 378 381 387 388 389 393 395
396 397 398 400 403 405 407 412 415 416 
417 418 424 425 426 428 430 432 434 435 
436 439 440 443 449 452 455 457 459 461
463 464 465 467 468 469 472 473 474 476 
478 481 486 490 492 493 496 498 499 500 
502 503 504 508 511 512 514 517 518 521 
522 524 525 526 527 528 529 530 533 534 
538 539 540 541 542 545 546 547 549 550 
552 558 559 560 561 564 565 566 568 570
573 574 575 576 578 579 580 581 582 583
586 588 589 590 592 593 594 597 598 600 
601 602 604 605 607 614 615 616 617 621
622 623 624 627 629 632 633 636 637 638 
639 642 645 646 647 648 650 651 655 657 
659 663 665 666 667 668 669 670 673 674
682 683 685 686 688 689 691 692 693 694
695 696 697 698 699 700 702 704 706 708
709 710 711 713 714 715 717 719 721 722
725 727 728 730 731 736 737 738 740 744 
745 747 750 752 753 754 759 760 761 762 
763 764 765 767 768 769 770 771 773 775 
781 782 783 785 786 790 792 794 795 798
802 803 804 805 808 810 815 819 820 821 
822 824 828 829 834 835 837 838 839 840 
841 842 843 844 845 848 849 851 852 853 
854 858 859 860 862 866 868 869 871 873
874 875 877 879 881 882 883 885 886 888 
891 892 905 907 908 909 912 913 915 916 
919 920 922 924 926 928 933 935 940 953 
954 956 959 962 963 964 966 967 968 970 
972 973 974 979 981 982 983 985 987 988 
989 990 991 993 994 996 1000 1002 1003 1004
1010 1012 1013 1017 1020 1025 1026 1028 1029 1033
1034 1035 1036 1037 1038 1040 1042 1044 1047 1049
1054 1056 1060 1065 1069 1070 1073 1074 1075 1076
1077 1078 1079 1082 1085 1087 1088 1090 1091 1096
1098 1100 1101 1102 1103 1105 1106 1109 1113 1117
1118 1119 1122 1123 1124 1126 1127 1128 1133 1135
1136 1137 1138 1140 1141 1145 1146 1147 1149 1150
1151 1152 1154 1156 1159 1161 1167 1168 1169 1170
1171 1175 1179 1181 1185 1187 1188 1192 1194 1195
1196 1198 1201 1203 1204 1205 1206 1209 1211 1213
1214 1215 1218 1219 1227 1229 1232 1233 1234 1235
1236 1237 1238 1239 1243 1244 1247 1252 1254 1255
1258 1259 1260 1261 1263 1264 1267 1268 1272 1273
1276 1277 1278 1280 1282 1283 1285 1288 1289 1293
1295 1299 1300 1301 1306 1308 1311 1312 1317 1319
1320 1321 1323 1324 1326 1327 1328 1329 1332 1333
1334 1335 1338 1339 1342 1343 1346 1347 1349 1352
1356 1363 1366 1368 1369 1371 1372 1373 1374 1375
1377 1378 1381 1385 1386 1387 1390 1393 1394 1395
1396 1397 1398 1400 1401 1403 1405 1406 1410 1411
1415 1416 1417 1419 1421 1422 1426 1428 1429 1431
1433 1434 1437 1439 1442 1445 1450 1455 1457 1458
1459 1460 1463 1465 1466 1468 1470 1475 1476 1477
1478 1481 1482 1485 1487 1488 1489 1494 1495 1497
1498 1500 1504 1505 1507 1508 1509 1510 1514 1516
1518 1521 1523 1526 1532 1536 1541 1542 1543 1546
1550 1556 1557 1560 1563 1568 1571 1573 1574 1578
1579 1580 1582 1583 1584 1591 1592 1593 1598 1599